5.000000000000000000e-01 1.244313279583088001e-04
1.500000000000000000e+00 1.672056355024865949e-04
2.500000000000000000e+00 1.753139259590761180e-04
3.500000000000000000e+00 1.599948954411797007e-04
4.500000000000000000e+00 2.112961957299796731e-04
5.500000000000000000e+00 1.997939459427488574e-04
6.500000000000000000e+00 2.448348916731884995e-04
7.500000000000000000e+00 2.129993073013747610e-04
8.500000000000000000e+00 1.968387729374794439e-04
9.500000000000000000e+00 1.419286874228554692e-04
1.050000000000000000e+01 1.264521829772775777e-04
1.150000000000000000e+01 9.163371360807930695e-05
1.250000000000000000e+01 8.453945447189635293e-05
1.350000000000000000e+01 7.757722065262671017e-05
1.450000000000000000e+01 6.478534634394569414e-05
1.550000000000000000e+01 5.964191740843112396e-05
1.650000000000000000e+01 5.125982529413788480e-05
1.750000000000000000e+01 4.753954049639778765e-05
1.850000000000000000e+01 4.402176367902675198e-05
1.950000000000000000e+01 3.920033393576180503e-05
2.050000000000000000e+01 3.602135188403031608e-05
2.150000000000000000e+01 3.191256930243885863e-05
2.250000000000000000e+01 3.015464149123042847e-05
2.350000000000000000e+01 2.799090089131327504e-05
2.450000000000000000e+01 2.511946553978223180e-05
2.550000000000000000e+01 2.284095484405329322e-05
2.650000000000000000e+01 2.022053751893445239e-05
2.750000000000000000e+01 1.886586098151079717e-05
2.850000000000000000e+01 1.736104481084151200e-05
2.950000000000000000e+01 1.545524374194439009e-05
3.050000000000000000e+01 1.435176153308191706e-05
3.150000000000000000e+01 1.310344082414695053e-05
3.250000000000000000e+01 1.156560992625737315e-05
3.350000000000000000e+01 1.043425232763158986e-05
3.450000000000000000e+01 9.161399423300796001e-06
3.550000000000000000e+01 8.373054846823689811e-06
3.650000000000000000e+01 7.502231074415832823e-06
3.750000000000000000e+01 6.597083978697954322e-06
3.850000000000000000e+01 5.760602368799226905e-06
3.950000000000000000e+01 4.921269992615177363e-06
4.050000000000000000e+01 4.397994364758356603e-06
4.150000000000000000e+01 3.924758519299388111e-06
4.250000000000000000e+01 3.197715709603005318e-06
4.350000000000000000e+01 2.800956124714417688e-06
4.450000000000000000e+01 2.234184294848832175e-06
4.550000000000000000e+01 1.937186426559264041e-06
4.650000000000000000e+01 1.671854831639194547e-06
4.750000000000000000e+01 1.337162058579788432e-06
4.850000000000000000e+01 1.108369667405168497e-06
4.950000000000000000e+01 8.552355850117900627e-07
5.050000000000000000e+01 7.054444495788533574e-07
5.150000000000000000e+01 5.705772464903451829e-07
5.250000000000000000e+01 4.454307210818918406e-07
5.350000000000000000e+01 3.704385219836905518e-07
5.450000000000000000e+01 2.883844185640760104e-07
5.550000000000000000e+01 2.456132565703019292e-07
5.650000000000000000e+01 2.101151297835782852e-07
5.750000000000000000e+01 1.756746945546041841e-07
5.850000000000000000e+01 1.561971556300812723e-07
5.950000000000000000e+01 1.379687083351455617e-07
6.050000000000000000e+01 1.201636704460411019e-07
6.150000000000000000e+01 1.054280886432087202e-07
6.250000000000000000e+01 9.300569384253402826e-08
6.350000000000000000e+01 8.506946801810048122e-08
6.450000000000000000e+01 7.742038143488088317e-08
6.550000000000000000e+01 6.974975237088845007e-08
6.650000000000000000e+01 6.356192595088575398e-08
6.750000000000000000e+01 5.798076708004332645e-08
6.850000000000000000e+01 5.411841772767084361e-08
6.950000000000000000e+01 5.012564766638565980e-08
7.050000000000000000e+01 4.654207064524555541e-08
7.150000000000000000e+01 4.406458674630912769e-08
7.250000000000000000e+01 4.157063675960782325e-08
7.350000000000000000e+01 4.020822789782515355e-08
7.450000000000000000e+01 3.873582274352070335e-08
7.550000000000000000e+01 3.771751178423364028e-08
7.650000000000000000e+01 3.688553755996302408e-08
7.750000000000000000e+01 3.600280616868146891e-08
7.850000000000000000e+01 3.590102010419969502e-08
7.950000000000000000e+01 3.530764464706376786e-08
8.050000000000000000e+01 3.496879560843406721e-08
8.150000000000000000e+01 3.475586278705505316e-08
8.250000000000000000e+01 3.372051095830252111e-08
8.350000000000000000e+01 3.210830498659869469e-08
8.450000000000000000e+01 3.078679567450736461e-08
8.550000000000000000e+01 2.997007299720205477e-08
8.650000000000000000e+01 2.930737673864017890e-08
8.750000000000000000e+01 2.841028556098831870e-08
8.850000000000000000e+01 2.789517160987954522e-08
8.950000000000000000e+01 2.738875517816061467e-08
9.050000000000000000e+01 2.686986032478073489e-08
9.150000000000000000e+01 2.652622880499375444e-08
9.250000000000000000e+01 2.627695170780444624e-08
9.350000000000000000e+01 2.614299290897771937e-08
9.450000000000000000e+01 2.597452174453269836e-08
9.550000000000000000e+01 2.596115493195284695e-08
9.650000000000000000e+01 2.589369540182438222e-08
9.750000000000000000e+01 2.593471828764823948e-08
9.850000000000000000e+01 2.595967395608450565e-08
9.950000000000000000e+01 2.586568577150016754e-08
1.005000000000000000e+02 2.594392923445654707e-08
1.015000000000000000e+02 2.575136829919951421e-08
1.025000000000000000e+02 2.578845879226704882e-08
1.035000000000000000e+02 2.562840910753949913e-08
1.045000000000000000e+02 2.552373268746772067e-08
1.055000000000000000e+02 2.547284339704951846e-08
1.065000000000000000e+02 2.523101046310346761e-08
1.075000000000000000e+02 2.522130774045474534e-08
1.085000000000000000e+02 2.500850941911668155e-08
1.095000000000000000e+02 2.500842933823636843e-08
1.105000000000000000e+02 2.486141577227031210e-08
1.115000000000000000e+02 2.479264985593165670e-08
1.125000000000000000e+02 2.474813725140831393e-08
1.135000000000000000e+02 2.468400409015220390e-08
1.145000000000000000e+02 2.467209979137818353e-08
1.155000000000000000e+02 2.458688605695937619e-08
